C=
1.666482145003646   0.048488053019041   0.048488053019041                   0                   0                   0
0.048488053019041   0.108856763792813   0.044698206657329                   0                   0                   0
0.048488053019041   0.044698206657329   0.108856763792813                   0                   0                   0
			   0                   0                   0    0.049724700000000                   0                   0
			   0                   0                   0                    0   0.049724700000000                   0
			   0                   0                   0                    0                   0   0.032089200000000

S=
0.006112992554375  -0.001930299658895  -0.001930299658895                   0                   0                   0
-0.001930299658895   0.111103086999272 -0.044760767277919                   0                   0                   0
-0.001930299658895  -0.044760767277919  0.111103086999272                   0                   0                   0
			   0                   0                   0    0.201107296776049                   0                   0
			   0                   0                   0                    0   0.201107296776049                   0
			   0                   0                   0                    0                   0   0.311631327674108

C_f=
2.423251621737354   0.065419369562257   0.065419369562257                   0                   0                   0
0.065419369562257   0.166158719385370   0.051905845822152                   0                   0                   0
0.065419369562257   0.051905845822152   0.166158719385370                   0                   0                   0
			   0                   0                   0    0.169300000000000                   0                   0
			   0                   0                   0                    0   0.169300000000000                   0
			   0                   0                   0                    0                   0   0.057150000000000

S_f=
0.004194630872483  -0.001258389261745  -0.001258389261745                   0                   0                   0
-0.001258389261745   0.067069081153588  -0.020456069751844                  0                   0                   0
-0.001258389261745  -0.020456069751844   0.067069081153588                  0                   0                   0
			   0                   0                   0    0.059066745422327                   0                   0
			   0                   0                   0                    0   0.059066745422327                   0
			   0                   0                   0                    0                   0   0.174978127734033

C_m=
5.705611400941594   3.140297747805064   3.140297747805064                   0                   0                   0
3.140297747805064   5.705611400941594   3.140297747805064                   0                   0                   0
3.140297747805064   3.140297747805064   5.705611400941594                   0                   0                   0
			   0                   0                   0    1.283000000000000                   0                   0
			   0                   0                   0                    0   1.283000000000000                   0
			   0                   0                   0                    0                   0   1.283000000000000

S_m=
0.287686996547756  -0.102128883774453  -0.102128883774453                   0                   0                   0
-0.102128883774453   0.287686996547756  -0.102128883774453                  0                   0                   0
-0.102128883774453  -0.102128883774453   0.287686996547756                  0                   0                   0
			   0                   0                   0    0.779423226812159                   0                   0
			   0                   0                   0                    0   0.779423226812159                   0
			   0                   0                   0                    0                   0   0.779423226812159

C_mdeg=
1.631814077314755   0.009448331009571   0.009448331009571                   0                   0                   0
0.009448331009571   0.021401750482521   0.008635193567591                   0                   0                   0
0.009448331009571   0.008635193567591   0.021401750482521                   0                   0                   0
			   0                   0                   0    0.006673780000000                   0                   0
			   0                   0                   0                    0   0.006673780000000                   0
			   0                   0                   0                    0                   0   0.006384440000000

S_mdeg=
0.000006150553242  -0.000001934699576  -0.000001934699576                   0                   0                   0
-0.000001934699576   0.000558718523195  -0.000224578027835                  0                   0                   0
-0.000001934699576  -0.000224578027835   0.000558718523195                  0                   0                   0
			   0                   0                   0    0.001498401205913                   0                   0
			   0                   0                   0                    0   0.001498401205913                   0
			   0                   0                   0                    0                   0   0.001566308086535

C_f_mdeg=
2.423251621737354   0.065419369562257   0.065419369562257                   0                   0                   0
0.065419369562257   0.166158719385370   0.051905845822152                   0                   0                   0
0.065419369562257   0.051905845822152   0.166158719385370                   0                   0                   0
			   0                   0                   0    0.169300000000000                   0                   0
			   0                   0                   0                    0   0.169300000000000                   0
			   0                   0                   0                    0                   0   0.057150000000000

S_f_mdeg=
0.004194630872483  -0.001258389261745  -0.001258389261745                   0                   0                   0
-0.001258389261745   0.067069081153588  -0.020456069751844                  0                   0                   0
-0.001258389261745  -0.020456069751844   0.067069081153588                  0                   0                   0
			   0                   0                   0    0.059066745422327                   0                   0
			   0                   0                   0                    0   0.059066745422327                   0
			   0                   0                   0                    0                   0   0.174978127734033

C_m_mdeg_ply=
5.705611400941596   3.140297747805064   3.140297747805064                   0                   0                   0
3.140297747805064   5.705611400941596   3.140297747805064                   0                   0                   0
3.140297747805064   3.140297747805064   5.705611400941596                   0                   0                   0
			   0                   0                   0    1.283000000000000                   0                   0
			   0                   0                   0                    0   1.283000000000000                   0
			   0                   0                   0                    0                   0   1.283000000000000

S_m_mdeg_ply=
0.002876869965478  -0.001021288837745  -0.001021288837745                   0                   0                   0
-0.001021288837745   0.002876869965478  -0.001021288837745                  0                   0                   0
-0.001021288837745  -0.001021288837745   0.002876869965478                  0                   0                   0
			   0                   0                   0    0.007794232268122                   0                   0
			   0                   0                   0                    0   0.007794232268122                   0
			   0                   0                   0                    0                   0   0.007794232268122

C_m_mdeg_delam=
34.760879269368239  0.123840756090378   0.123840756090378                   0                   0                   0
0.123840756090378  34.760879269368239   0.123840756090378                   0                   0                   0
0.123840756090378   0.123840756090378  34.760879269368239                   0                   0                   0
			   0                   0                   0  12.830000000000000                   0                   0
			   0                   0                   0                   0  12.830000000000000                   0
			   0                   0                   0                   0                   0  12.830000000000000

S_m_mdeg_delam=
0.028768699654776   -0.000102128883774  -0.000102128883774                   0                   0                   0
-0.000102128883774   0.028768699654776  -0.000102128883774                   0                   0                   0
-0.000102128883774  -0.000102128883774   0.028768699654776                   0                   0                   0
			   0                   0                   0     0.077942322681216                   0                   0
			   0                   0                   0                     0   0.077942322681216                   0
			   0                   0                   0                     0                   0   0.077942322681216

C_fdeg=
1.635831662072597   0.000265749630250   0.000265749630250                   0                   0                   0
0.000265749630250   0.081969621703984   0.003012064517341                   0                   0                   0
0.000265749630250   0.003012064517341   0.081969621703984                   0                   0                   0
			   0                   0                   0    0.049724700000000                   0                   0
			   0                   0                   0                    0   0.049724700000000                   0
			   0                   0                   0                    0                   0   0.030451500000000

S_fdeg=
0.000611310466246  -0.000001911653411  -0.000001911653411                   0                   0                   0
-0.000001911653411   0.012216142655227  -0.000448889491552                  0                   0                   0
-0.000001911653411  -0.000448889491552   0.012216142655227                  0                   0                   0
			   0                   0                   0    0.020110729677605                   0                   0
			   0                   0                   0                   0    0.020110729677605                   0
			   0                   0                   0                   0                    0   0.032839104806003

C_m_fdeg=
34.760879269368239   0.123840756090378   0.123840756090378                   0                   0                   0
0.123840756090378  34.760879269368239   0.123840756090378                    0                   0                   0
0.123840756090378   0.123840756090378  34.760879269368239                    0                   0                   0
			   0                   0                   0    12.830000000000000                   0                   0
			   0                   0                   0                     0  12.830000000000000                   0
			   0                   0                   0                     0                   0  12.830000000000000

S_m_fdeg=
0.028768699654776  -0.000102128883774  -0.000102128883774                   0                   0                   0
-0.000102128883774   0.028768699654776  -0.000102128883774                  0                   0                   0
-0.000102128883774  -0.000102128883774   0.028768699654776                  0                   0                   0
			   0                   0                   0    0.077942322681216                   0                   0
			   0                   0                   0                    0   0.077942322681216                   0
			   0                   0                   0                    0                   0   0.077942322681216

C_f_fdeg=
2.384002692013672   0.000448668945375   0.000448668945375                   0                   0                   0
0.000448668945375   0.149101471455080   0.000454843669825                   0                   0                   0
0.000448668945375   0.000454843669825   0.149101471455080                   0                   0                   0
			   0                   0                   0    0.169300000000000                   0                   0
			   0                   0                   0                    0   0.169300000000000                   0
			   0                   0                   0                    0                   0   0.057150000000000

S_f_fdeg=
0.000419463087248  -0.000001258389262  -0.000001258389262                   0                   0                   0
-0.000001258389262   0.006706908115359  -0.000020456069752                  0                   0                   0
-0.000001258389262  -0.000020456069752   0.006706908115359                  0                   0                   0
			   0                   0                   0    0.005906674542233                   0                   0
			   0                   0                   0                    0   0.005906674542233                   0
			   0                   0                   0                    0                   0   0.017497812773403

Q_f:
1.449810312929554  -0.145428009739723  -0.145428009739723                   0                   0                   0
-0.000231904997302   1.085617963444996  -0.044207635587507                  0                   0                   0
-0.000231904997302  -0.044207635587508   1.085617963444996                  0                   0                   0
			   0                   0                   0    1.171998661746782                   0                   0
			   0                   0                   0                    0   1.171998661746782                   0
			   0                   0                   0                    0                   0   1.129809610492170

Q_m:
0.021841065534144   0.316248211656224   0.316248211656223                   0                   0                   0
0.000504301343340   0.813814904889453   0.096134064690294                   0                   0                   0
0.000504301343340   0.096134064690294   0.813814904889453                   0                   0                   0
			   0                   0                   0    0.625971164137950                   0                   0
			   0                   0                   0                    0   0.625971164137950                   0
			   0                   0                   0                    0                   0   0.717715608929725

Qf_mdeg =
1.458842645548913  -0.136847639338140  -0.136847639338140                   0                   0                   0
-0.000024496229183   1.133395455340268  -0.059908487960287                  0                   0                   0
-0.000024496229183  -0.059908487960287   1.133395455340268                  0                   0                   0
			   0                   0                   0    1.188209124216865                   0                   0
			   0                   0                   0                    0   1.188209124216865                   0
			   0                   0                   0                    0                   0   1.193274295827791

Qm_mdeg =
0.002199326346014   0.297589310941670   0.297589310941670                   0                   0                   0
0.000053269577746   0.709917819339417   0.130277188104115                   0                   0                   0
0.000053269577746   0.130277188104115   0.709917819339417                   0                   0                   0
			   0                   0                   0    0.590719840988723                   0                   0
			   0                   0                   0                    0   0.590719840988723                   0
			   0                   0                   0                    0                   0   0.579705102723693

Qf_fdeg =
1.449974751744354  -0.001167097661371  -0.001167097661371                   0                   0                   0
-0.000001949754620   1.095396255858577   0.026995370401903                  0                   0                   0
-0.000001949754620   0.026995370401903   1.095396255858577                  0                   0                   0
			   0                   0                   0    1.171998661746782                   0                   0
			   0                   0                   0                    0   1.171998661746782                   0
			   0                   0                   0                    0                   0   1.089331583412040

Qm_fdeg =
0.021483476365453   0.002537974279489   0.002537974279489                   0                   0                   0
0.000004239942586   0.792550999164683  -0.058704218175567                   0                   0                   0
0.000004239942586  -0.058704218175567   0.792550999164683                   0                   0                   0
			   0                   0                   0    0.625971164137950                   0                   0
			   0                   0                   0                    0   0.625971164137950                   0
			   0                   0                   0                    0                   0   0.805739255119850

psi_m:
0.000000000000000E+000  0.000000000000000E+000  0.000000000000000E+000	0.000000000000000E+000  0.000000000000000E+000  0.000000000000000E+000

psi_mdeg:
0.000000000000000E+000  0.000000000000000E+000	0.000000000000000E+000  0.000000000000000E+000  0.000000000000000E+000	0.000000000000000E+000

I:
1.00000000000000       0.000000000000000E+000  0.000000000000000E+000	0.000000000000000E+000  0.000000000000000E+000  0.000000000000000E+000
0.000000000000000E+000   1.00000000000000       0.000000000000000E+000	0.000000000000000E+000  0.000000000000000E+000  0.000000000000000E+000
0.000000000000000E+000  0.000000000000000E+000   1.00000000000000     	0.000000000000000E+000  0.000000000000000E+000  0.000000000000000E+000
0.000000000000000E+000  0.000000000000000E+000  0.000000000000000E+000	1.00000000000000       0.000000000000000E+000  0.000000000000000E+000
0.000000000000000E+000  0.000000000000000E+000  0.000000000000000E+000	0.000000000000000E+000   1.00000000000000       0.000000000000000E+000
0.000000000000000E+000  0.000000000000000E+000  0.000000000000000E+000 	0.000000000000000E+000  0.000000000000000E+000   1.00000000000000


















